,time,open,high,low,close,tick_volume,spread,real_volume,RSI,ATR,ROC,upper_gap,lower_gap,BB_UPPER,BB_MIDDLE,BB_LOWER,Bandwith,buy
745,1707350400,188.93,199.37,186.1,195.78,5027,0,7551630000,49.40457379991123,5.925714285714286,1.1312567797923434,7.110857142857143,9.481142857142858,206.8741523971997,197.489,188.10384760280024,0.0950448115814021,1
579,1686528000,308.6,313.62,306.0,312.56,904,0,1122620000,68.0309896700105,8.606428571428568,8.07745504840941,10.32771428571428,13.77028571428571,312.13894081611306,284.91633333333334,257.6937258505536,0.1910919403201154,1
430,1667520000,309.58,310.79,295.81,306.2,2741,0,3592250000,39.96326584672642,16.989285714285707,-2.996895393778127,20.387142857142848,27.18285714285713,356.1097260721514,328.8726666666667,301.63560726118203,0.165638936683608,1
286,1649635200,321.34,323.19,315.34,316.73,1435,0,1669180000,40.79851907995496,12.48928571428572,-11.339715597357516,14.987142857142862,19.982857142857156,373.5882441140752,332.6103333333333,291.63242255259144,0.2464019104281699,1
955,1733702400,236.67,238.57,231.4,234.89,1558,1,203037,68.42213272609743,5.363571428571425,7.334125388411616,6.4362857142857095,8.58171428571428,258.91774780947173,220.73,182.5422521905283,0.3460132089835701,1
338,1656288000,309.17,311.6,299.31,300.07,1138,0,1358740000,55.67061831863826,13.406428571428576,-0.6324922180276922,16.08771428571429,21.450285714285723,313.4010771710596,283.97,254.53892282894043,0.2072830029303067,1
825,1717459200,144.54,149.32,143.88,146.65,2269,0,3184210000,22.975123915902486,5.269285714285713,-15.940616760288892,6.323142857142856,8.43085714285714,199.4352356262379,174.28566666666669,149.13609770709547,0.2886016898643936,1
140,1631491200,477.5,477.5,461.28,465.59,1154,0,1281500000,49.55447128890221,9.263571428571431,-2.4022639136358945,11.11628571428572,14.821714285714291,515.2063374982431,469.221,423.2356625017568,0.196007158666143,1
812,1715731200,177.43,177.85,172.62,177.41,1948,0,2916180000,44.12563910120352,6.497857142857149,-4.858690405963427,7.797428571428578,10.39657142857144,208.60855328228703,186.30466666666663,164.0007800510462,0.2394345457328365,1
403,1664323200,329.83,343.54,326.46,341.79,1016,0,1398780000,46.73766575270908,11.603571428571428,-6.261313147934831,13.924285714285713,18.56571428571429,390.6056623868265,355.7456666666667,320.8856709465069,0.1959826864332466,1
851,1720742400,145.99,150.37,144.6,148.42,2350,0,3672070000,52.6677955481503,3.057857142857143,0.7193268186753351,3.669428571428571,4.892571428571429,151.22600476917543,144.06133333333335,136.89666189749127,0.0994669599407948,1
775,1711065600,190.42,192.69,190.0,192.47,951,0,1189020000,57.24280260073403,4.025714285714287,8.15351764441447,4.830857142857144,6.441142857142859,196.85379609317215,186.117,175.38020390682786,0.115376844599603,1
401,1664150400,326.97,331.76,320.26,320.99,917,0,1125880000,32.36536669162712,11.39428571428571,-7.233685914109003,13.673142857142851,18.230857142857136,398.7059408488616,359.933,321.1600591511384,0.2154453237066987,1
126,1629676800,471.19,478.09,470.0,477.05,860,0,1216280000,71.53380558076205,15.24071428571429,19.265481637040928,18.288857142857147,24.385142857142867,504.10325807063975,422.07833333333326,340.0534085960268,0.3886715723572946,1
771,1710720000,190.64,193.14,190.56,191.61,1474,0,2306450000,57.31363564276212,4.442857142857142,4.636304062909572,5.33142857142857,7.108571428571428,199.34412945375988,186.774,174.20387054624007,0.1346025619600148,1
35,1618358400,392.77,402.19,384.7,386.71,796,0,987890000,54.59707646360663,13.20071428571428,6.13113044432856,15.840857142857134,21.121142857142846,394.99147640908575,375.0543333333334,355.117190257581,0.1063160257265073,1
748,1707782400,186.75,188.66,184.0,186.96,3063,0,4979140000,38.96243044404165,6.069999999999999,-3.4097954122752605,7.283999999999999,9.712,204.0365231960384,195.775,187.5134768039616,0.0843981427254591,1
599,1689120000,344.68,344.99,337.63,340.79,1664,0,2208510000,73.28495635273494,7.794285714285702,9.101677551543093,9.353142857142842,12.470857142857124,343.0555924222892,312.67266666666666,282.28974091104413,0.1943433436605002,1
155,1633305600,499.13,500.0,483.83,494.63,2872,0,3859440000,54.69865873404613,12.16071428571428,5.685654459211148,14.592857142857136,19.45714285714285,512.7963779518681,488.6643333333333,464.53228871479865,0.0987673663593265,1
384,1661904000,361.01,362.4,351.0,351.04,873,0,993380000,46.118602187898695,10.366428571428573,-7.063433230964737,12.439714285714285,16.586285714285715,410.1677071603906,358.182,306.19629283960944,0.2902753748674728,1
68,1622505600,330.51,332.4,322.63,325.4,718,0,873080000,40.25352135572211,10.877142857142852,1.2760659819483242,13.052571428571422,17.403428571428563,413.9047938288076,348.70033333333333,283.4958728378591,0.3739856504991825,1
25,1617062400,361.25,362.72,353.08,360.24,1436,0,2104890000,42.23503605670948,14.16785714285714,-4.650485693867286,17.00142857142857,22.668571428571425,401.2942545211776,376.9256666666666,352.5570788121557,0.1293018226644738,1
369,1660089600,384.0,384.8,373.93,377.34,1516,0,1799100000,72.51793015346927,15.11,14.01722314549025,18.132,24.176,376.7913882894578,323.17299999999994,269.554611710542,0.3318246777389072,1
520,1679011200,278.5,279.34,275.08,276.94,1224,0,1651880000,36.9005913626141,7.60214285714285,-5.863557564839049,9.12257142857142,12.16342857142856,339.9874013668963,300.187,260.38659863310374,0.2651707193642381,1
903,1727222400,172.77,173.35,167.71,167.81,965,1,126078,53.151063109396624,5.072142857142858,7.391526942275702,6.08657142857143,8.115428571428573,175.08370174233812,164.30133333333333,153.51896492432854,0.1312511370450001,1
883,1724716800,163.35,164.48,161.59,163.2,1006,0,1364850000,56.83385682244567,3.8342857142857114,6.806282722513074,4.601142857142852,6.134857142857137,168.1494844865448,160.45566666666667,152.76184884678855,0.095899608654662,1
117,1628553600,467.14,472.49,454.08,458.35,2275,0,3036840000,77.64629633171658,12.26000000000001,19.642391020621247,14.712000000000012,19.616000000000017,457.1158721045493,395.86733333333336,334.6187945621174,0.3094397219163455,1
66,1622073600,335.29,335.29,329.0,331.04,978,0,1253420000,42.99448378565232,11.944999999999997,1.056230539104963,14.333999999999996,19.111999999999995,421.5512080987371,353.29133333333334,285.0314585679296,0.3864225828659091,1
360,1658966400,322.71,328.4,305.39,326.92,1921,0,2960850000,58.17580321711186,15.66071428571429,1.1885601089513531,18.792857142857148,25.057142857142864,341.3221850186346,300.63699999999994,259.95181498136526,0.2706598656761123,1
853,1721088000,156.32,162.5,156.32,161.06,2458,0,3562500000,68.87695004015745,3.6214285714285688,13.734905726996672,4.3457142857142825,5.79428571428571,153.40072384893182,144.48933333333335,135.57794281773488,0.1233501506307058,1
779,1711584000,199.35,201.8,198.46,199.01,1326,0,1978410000,64.66943677259502,3.692142857142857,9.8774293286219,4.430571428571429,5.907428571428572,199.11487388482968,186.78933333333333,174.463792781837,0.1319726381752314,1
896,1726444800,170.2,172.28,169.04,169.07,1301,1,186981,61.8929343172641,4.516428571428567,2.684482235044025,5.419714285714281,7.226285714285708,170.034920577109,160.95266666666666,151.8704127562243,0.1128562092015749,1
685,1699574400,165.8,171.62,165.3,171.19,2784,0,3753790000,25.860916813575894,14.440714285714288,-33.53909465020576,17.328857142857146,23.105142857142862,326.0242017004693,233.112,140.1997982995307,0.7971464506371985,1
127,1629763200,478.61,486.4,478.0,485.51,674,0,836860000,73.81787862228636,12.665714285714287,9.628107571070514,15.198857142857149,20.265142857142862,508.8131099467258,425.8513333333333,342.8895567199408,0.3896278824068141,1
406,1664755200,332.89,339.1,327.82,336.64,1011,0,1202930000,45.29704869000509,11.56214285714286,-6.794396145966005,13.874571428571434,18.499428571428577,381.4099646348496,350.63500000000005,319.8600353651505,0.1755384638433102,1
935,1731024000,226.58,229.08,224.0,228.86,933,1,116715,85.2556318710484,8.970714285714285,36.364178037299645,10.764857142857142,14.353142857142856,225.5865393137205,178.17133333333334,130.75612735294618,0.5322428147482067,1
209,1639958400,397.85,406.82,397.85,400.46,1394,0,1653430000,33.11969767343801,17.98071428571428,-8.480928765683208,21.576857142857136,28.769142857142853,513.4688990250996,446.8853333333333,380.30176764156704,0.2979894873484307,1
235,1643241600,308.88,310.33,297.24,300.98,2575,0,3493080000,25.83964911329912,17.947857142857135,-15.63752557670207,21.53742857142856,28.716571428571417,457.98977754436567,371.403,284.8162224556344,0.4662685952691047,1
95,1625788800,385.84,385.84,379.77,383.55,1267,0,1655880000,66.70318234748001,9.102857142857138,8.901192504258951,10.923428571428564,14.56457142857142,397.8108950258045,351.312,304.81310497419554,0.264715665993786,1
578,1686268800,306.51,308.65,303.86,304.74,924,0,1049400000,63.56280232973732,8.697857142857137,6.791421362489484,10.437428571428564,13.91657142857142,309.4242016293799,284.17600000000004,258.92779837062017,0.1776941165290515,1
361,1659052800,327.63,330.75,321.72,330.11,1457,0,1780560000,59.24888110857636,15.617857142857146,3.101380473483668,18.74142857142857,24.988571428571436,343.28426154063595,302.5073333333333,261.73040512603063,0.269592989749908,1
441,1668988800,312.94,317.98,311.04,315.15,1069,0,1207260000,45.90233823345208,19.707857142857144,-8.333333333333343,23.64942857142857,31.53257142857143,351.57762814988604,323.0733333333333,294.5690385167806,0.1764571190228392,1
804,1714694400,172.8,176.03,167.52,171.38,2840,0,3977150000,33.90032980726858,6.666428571428575,-11.082287018781784,7.999714285714289,10.66628571428572,209.80358995782737,191.941,174.07841004217258,0.1861258403137151,1
855,1721260800,160.74,162.25,153.81,154.8,2236,0,2796860000,57.18041625522978,4.145714285714283,9.214053901509809,4.97485714285714,6.633142857142854,156.5239572637011,145.27166666666665,134.01937606963216,0.1549137674981515,1
444,1669334400,326.29,327.76,323.87,327.1,272,0,329010000,50.60465857684566,16.056428571428572,6.8256041802743415,19.267714285714288,25.69028571428572,352.0086686899787,324.0433333333333,296.077997976688,0.1726024422041004,1
37,1618531200,398.2,399.64,394.48,398.8,743,0,947950000,60.3752110234505,12.749999999999991,7.028796865355197,15.299999999999988,20.399999999999988,397.9411790553007,377.88466666666665,357.8281542780326,0.1061515015443902,1
721,1704326400,195.1,198.55,193.97,196.48,1857,0,2335020000,47.073412841701305,5.002857142857143,-0.8678102926337028,6.003428571428571,8.00457142857143,215.962566213396,193.188,170.41343378660406,0.2357761994885392,1
843,1719792000,142.94,143.36,140.84,142.31,1870,0,2582100000,34.97452139518627,3.565714285714285,-2.733921126375504,4.278857142857142,5.705142857142857,181.4123595061864,152.63633333333334,123.86030716048028,0.3770534255433248,1
826,1717545600,148.0,148.0,143.88,144.33,1922,0,2711830000,21.834798677902757,5.19,-18.646074065723457,6.227999999999999,8.304,199.6863287823965,172.82833333333335,145.97033788427018,0.3108054672640076,1
88,1624924800,373.79,376.25,370.5,373.85,905,0,1072940000,70.93658861895237,8.396428571428569,14.089965820312504,10.075714285714282,13.43428571428571,374.1024130966484,339.4313333333333,304.7602535700182,0.2042892117403133,1
725,1704844800,203.39,204.49,200.41,201.94,2016,0,2761960000,53.15126330606209,5.042142857142856,-2.9041253966727534,6.050571428571426,8.06742857142857,215.99302955433268,196.39333333333332,176.793637112334,0.1995963497165484,1
320,1653955200,295.15,295.27,281.2,284.4,1286,0,1551810000,48.40676092401392,14.300000000000008,0.1443712806788859,17.160000000000007,22.880000000000013,318.1462414382344,287.7823333333334,257.41842522843234,0.2110199591003457,1
308,1652313600,260.01,280.41,259.95,274.99,2399,0,3367260000,41.14839053202432,20.515000000000008,-7.085416948236238,24.61800000000001,32.82400000000001,358.6317675204188,309.21833333333336,259.8048991462479,0.3196022283311281,1
692,1700524800,181.13,182.02,177.78,178.24,2072,0,2717550000,35.039845808806746,6.888571428571426,18.510638297872344,8.266285714285711,11.021714285714282,305.7863680796132,212.153,118.5196319203868,0.8826966206427741,1
620,1691625600,289.98,294.0,287.23,291.46,1882,0,2410660000,32.46515773589741,13.287142857142856,-16.754255683765575,15.944571428571424,21.25942857142857,390.2568233080327,333.929,277.6011766919673,0.3373640702546511,1
378,1661212800,366.81,373.5,366.81,368.69,964,0,1233920000,56.69391484936619,11.309285714285712,4.581040449310709,13.571142857142856,18.09485714285714,414.78288869138623,346.855,278.9271113086137,0.3916788784442276,1
722,1704412800,192.82,200.24,192.82,197.16,1483,0,2114620000,47.96204763119755,4.878571428571427,-3.215355161749552,5.854285714285712,7.805714285714284,215.91824739814663,193.81866666666667,171.71908593518668,0.2280438836109352,1
576,1686096000,310.01,310.01,299.84,303.06,1242,0,1450850000,62.72367136770253,8.901428571428564,11.059806508355324,10.681714285714277,14.242285714285703,305.7308462953991,282.998,260.2651537046009,0.1606572929518873,1
137,1631059200,482.2,486.6,477.33,478.22,1163,0,1425990000,58.40488078426625,9.087857142857148,4.216880597990722,10.905428571428578,14.540571428571438,524.3801111274686,461.6786666666667,398.9772222058648,0.271623746072168,1
929,1730332800,190.0,222.3,189.19,209.12,6323,1,878910,86.04651192877981,7.227857142857142,28.71299316796948,8.67342857142857,11.564571428571428,184.57155671971464,167.89933333333337,151.22710994695203,0.1985978509310891,1
847,1720396800,142.65,142.76,139.77,140.36,1578,0,2676200000,33.22577145032096,3.2464285714285706,-1.688029698115848,3.895714285714285,5.194285714285713,166.04035975265998,147.46166666666667,128.88297358067337,0.251979968841529,1
561,1684195200,270.0,271.11,264.74,265.2,1035,0,1334210000,37.308367907342536,10.145714285714282,-7.1396057284918895,12.17485714285714,16.23314285714285,314.29367325780737,288.29100000000005,262.28832674219274,0.1803918489152093,1
442,1669075200,312.39,319.5,308.59,319.02,383,0,485260000,47.44481307229675,18.501428571428573,0.8121346184231295,22.201714285714285,29.60228571428572,351.57078691975727,323.058,294.5452130802427,0.1765180674662585,1
585,1687305600,320.0,321.24,310.53,312.36,1622,0,1945740000,58.44056277809292,10.057857142857143,11.505372505622397,12.069428571428572,16.09257142857143,330.7724432296331,292.04533333333336,253.3182234370336,0.2652130027504844,1
894,1726099200,168.52,170.26,165.55,167.54,1521,1,201169,60.21305768099126,4.495714285714281,4.614423977521065,5.394857142857137,7.19314285714285,169.1347683974045,160.72666666666666,152.3185649359288,0.1046260947870652,1
774,1710979200,193.33,194.81,192.51,193.53,1351,0,1916650000,59.15595961952474,4.339285714285714,4.780725500812135,5.207142857142857,6.942857142857143,197.29713684950227,186.22733333333332,175.15752981716443,0.1188848416398121,1
120,1628812800,471.64,472.46,457.19,463.93,2225,0,3142430000,74.00213122264523,13.321428571428584,18.56423624421784,15.9857142857143,21.31428571428573,477.41978571482593,405.5156666666666,333.6115476185073,0.3546305356792265,1
454,1670544000,319.17,323.35,313.65,314.05,1167,0,1389930000,45.4373467160888,11.930714285714284,-0.8586671717649936,14.31685714285714,19.089142857142857,353.41490222864127,324.3726666666666,295.3304311046919,0.1790670950201806,1
529,1680134400,292.49,303.77,292.17,296.29,3113,0,4040230000,57.691399963008415,8.180714285714279,8.423903099498679,9.816857142857137,13.089142857142846,307.0063203868781,285.062,263.11767961312194,0.1539617373545269,1
348,1657584000,320.83,323.14,292.7,296.86,2489,0,3225900000,50.08583724496916,14.830714285714285,9.220014716703458,17.796857142857142,23.729142857142858,328.9990160397761,293.0286666666667,257.0583172935573,0.2455073749765738,1
952,1733270400,231.17,232.07,226.56,231.68,799,1,107170,67.85225288605248,5.057857142857141,1.6541617305076612,6.069428571428569,8.092571428571425,263.48563302032574,213.757,164.02836697967425,0.4652819137649364,1
537,1681257600,298.63,303.35,293.89,294.26,1137,0,1315760000,53.83019918402087,9.61285714285715,10.27168821435262,11.53542857142858,15.38057142857144,303.75390809257743,284.106,264.45809190742256,0.13831392573601,1
963,1734566400,211.43,213.7,205.56,207.01,2131,2479,281383,34.39054333545705,6.80071428571428,-10.78693328736425,8.160857142857136,10.881142857142848,245.15013423232384,228.85333333333332,212.55653243434284,0.1424213548618373,1
618,1691452800,290.0,292.0,283.54,291.47,2280,0,3103370000,30.53791677741731,13.84285714285714,-20.27843877355652,16.61142857142857,22.148571428571422,387.7453579162112,335.5323333333333,283.3193087504555,0.311224996197353,1
106,1627257600,396.0,396.0,388.34,391.29,786,0,1057510000,64.400316880963,9.238571428571433,0.8141602040553487,11.086285714285715,14.78171428571429,402.0602753537563,370.0376666666667,338.01505797957714,0.1730775624846637,1
109,1627516800,394.88,402.39,394.88,400.0,966,0,1195760000,67.72892714565019,9.067857142857148,4.28888019814887,10.881428571428575,14.508571428571436,401.6330463519523,375.8693333333334,350.10562031471443,0.1370886674373662,1
502,1676937600,299.76,301.11,296.09,296.8,1513,0,1971990000,39.12009305097983,13.589285714285714,-8.378094708896706,16.307142857142857,21.742857142857144,345.77595077354573,317.53566666666666,289.2953825597876,0.1778715720557107,1
7,1614816000,358.6,364.35,341.08,348.98,1574,0,1875630000,33.21392880456777,18.415,-14.230239874164369,22.097999999999995,29.463999999999995,440.3970079984405,396.82433333333336,353.2516586682262,0.2196068688585487,1
122,1629158400,470.98,470.98,459.72,462.44,1289,0,1748740000,68.70672604545913,14.143571428571436,17.002327699625543,16.97228571428572,22.6297142857143,488.5652501771521,410.979,333.392749822848,0.3775679544558338,1
234,1643155200,316.88,319.75,297.18,302.09,2083,0,2443180000,26.06761428042448,17.914285714285707,-16.244316291449493,21.497142857142848,28.66285714285713,458.0810587479926,374.882,291.6829412520073,0.443867983781524,1
811,1715644800,175.0,177.0,174.38,174.46,1048,0,1437510000,39.86228841151586,6.420000000000006,-7.113193483122131,7.704000000000007,10.272000000000013,209.5117318967721,187.01766666666663,164.52360143656122,0.2405555114768705,1
72,1623024000,319.1,324.35,317.0,320.22,1584,0,1862990000,38.42353020882278,8.972142857142845,-0.6145251396647925,10.766571428571414,14.355428571428554,397.457351653863,339.5716666666667,281.68598167947044,0.3409335387455545,1
589,1687824000,314.45,316.45,309.79,313.98,1386,0,1581290000,58.78903818042428,8.383571428571429,2.1338884913148144,10.060285714285714,13.413714285714288,332.838342172886,297.4533333333333,262.06832449378066,0.237919733109189,1
679,1698883200,147.52,162.92,146.84,160.48,14361,0,22562950000,17.478766083856698,15.342857142857143,-39.446079541166704,18.411428571428573,24.548571428571435,314.376022821224,251.39133333333336,188.40664384544277,0.501088789758522,1
827,1717632000,145.61,147.0,143.42,145.29,3162,0,4708670000,23.52621833018833,5.158571428571428,-19.755882028057,6.1902857142857135,8.253714285714286,199.45771528311892,171.41066666666669,143.36361805021443,0.3272497466099222,1
690,1700179200,174.26,177.88,173.26,177.49,2483,0,3512160000,32.78149687877743,13.35642857142857,-26.064317254019823,16.027714285714282,21.370285714285718,315.5547158470014,218.4813333333333,121.40795081966527,0.8886194626573869,1
770,1710460800,190.66,191.77,185.99,189.7,2256,0,3712850000,54.90053609151997,4.637857142857142,5.324523902059838,5.56542857142857,7.420571428571427,199.6848820817352,186.884,174.08311791826486,0.1369928092478238,1
6,1614729600,377.01,377.01,361.04,363.08,1300,0,1518050000,37.010319064287934,19.66571428571428,-14.79795372412822,23.59885714285713,31.465142857142844,438.6498671601994,398.8206666666666,358.99146617313386,0.1997348874942928,1
300,1651449600,280.92,292.97,278.37,292.36,1565,0,1863070000,41.459029181674985,14.18928571428573,-7.694250623559499,17.027142857142874,22.70285714285717,375.0368108997994,325.175,275.31318910020065,0.306676779578992,1
455,1670803200,314.17,331.29,313.73,326.21,1465,0,1829050000,50.85278922948672,12.689285714285711,3.5094399492305266,15.227142857142857,20.302857142857142,352.17498225446064,323.85900000000004,295.54301774553943,0.1748661130582173,1
305,1652054400,286.29,287.27,273.39,280.41,2154,0,2622170000,41.018451905288565,18.82500000000001,-12.08891118286986,22.59000000000001,30.12000000000002,366.4541761096537,316.88366666666667,267.31315722367964,0.3128625085945549,1
697,1701216000,181.11,184.63,180.79,181.29,2358,0,3013690000,39.69369079360601,5.124999999999998,8.226374544803297,6.149999999999998,8.199999999999998,274.9361635566,196.64333333333332,118.35050311006673,0.7962927488678314,1
759,1709164800,185.02,186.29,181.27,182.33,1537,0,2040010000,40.34371763321969,5.943571428571421,-6.869956073143318,7.132285714285706,9.509714285714274,201.8470065627867,190.94833333333327,180.04966010387994,0.11415311188318,1
528,1680048000,277.51,286.14,274.55,285.89,1834,0,2226750000,50.99551893159887,8.058571428571424,0.0139933531572375,9.67028571428571,12.89371428571428,310.9510837807871,285.8523333333334,260.75358288587967,0.1756064059703579,1
170,1635120000,537.79,540.96,533.71,538.54,746,0,850320000,67.47401847246542,11.301428571428575,8.068950293981896,13.561714285714292,18.082285714285725,540.047675880337,505.07633333333337,470.1049907863297,0.1384794346478465,1
752,1708387200,189.21,191.2,188.15,190.15,1622,0,2489140000,44.8207076324849,6.432142857142852,-2.761442086422913,7.718571428571422,10.291428571428565,203.01022877470035,194.835,186.6597712252996,0.0839195090687029,1
359,1658880000,312.72,321.99,307.46,319.62,1112,0,1283450000,55.69681687398903,14.861428571428576,-2.0291809710642488,17.83371428571429,23.77828571428572,339.64039488811034,298.75066666666663,257.8609384452229,0.273738155483795,1
197,1638403200,421.52,441.97,421.52,439.08,1709,0,2035840000,34.706079659816936,15.186428571428577,-10.026433884551547,18.22371428571429,24.29828571428573,570.0200468962493,492.896,415.77195310375066,0.3129424742592729,1
797,1713916800,187.88,188.57,184.2,187.82,1274,0,1640790000,43.696150886737385,5.239285714285716,-5.026294498381876,6.287142857142858,8.382857142857146,206.04096021181425,193.70633333333333,181.37170645485244,0.1273538832337014,1
880,1724284800,160.8,161.29,158.94,160.15,857,0,1208130000,53.460748698013695,4.690714285714283,-2.4902581587920136,5.62885714285714,7.505142857142854,168.21838663661455,159.603,150.98761336338546,0.1079602092268258,1
703,1701907200,184.92,188.3,182.51,185.33,3045,0,4254800000,44.934487162542965,4.845714285714286,6.683168316831691,5.814857142857143,7.753142857142858,225.87675151248035,181.54433333333333,137.21191515418633,0.4883922000225509,1
565,1684713600,285.69,295.52,285.69,289.2,1758,0,2172300000,54.87986069638035,9.489285714285709,0.1246364769422564,11.38714285714285,15.182857142857134,313.68785756256364,287.20666666666665,260.72547577076966,0.1844051268254937,1
926,1730073600,165.81,168.68,165.29,167.51,1332,1,175409,54.81727496092895,3.5049999999999994,4.765776471324039,4.206,5.608,173.0067234408236,166.696,160.3852765591764,0.0757153553873351,1
65,1621987200,331.7,336.86,330.42,335.53,1887,0,2152860000,45.15721401183151,12.57642857142857,2.674500443710013,15.091714285714284,20.122285714285717,425.158051081304,355.52899999999994,285.8999489186959,0.3916926668783929,1
79,1623801600,336.98,339.41,327.09,332.41,1297,0,1685030000,47.660551156801056,7.841428571428565,-0.9298721425803796,9.409714285714278,12.546285714285704,344.18543078794846,327.0556666666667,309.92590254538493,0.1047513672266704,1
480,1674086400,308.11,310.41,303.82,304.81,650,0,871390000,47.74446183793045,10.35785714285714,0.6771039767472623,12.429428571428566,16.572571428571422,327.03136126456474,308.08366666666666,289.1359720687686,0.1230035646024602,1
71,1622764800,323.96,326.86,321.19,321.93,1023,0,1220030000,39.33928506400586,9.232142857142843,-1.2454369765943747,11.078571428571411,14.771428571428553,403.59314861597807,342.21733333333333,280.8415180506886,0.3586949537875233,1
881,1724371200,159.81,163.65,159.81,163.32,1084,0,1537300000,57.83432737670669,4.403571428571425,3.334387851945575,5.284285714285709,7.04571428571428,167.7062581520028,160.09966666666665,152.4930751813305,0.0950232020304369,1
488,1675123200,316.06,323.94,316.06,323.94,1108,0,1478970000,57.65899146679106,9.625714285714285,8.566257792077218,11.550857142857142,15.401142857142856,326.1261024023398,308.1443333333333,290.1625642643269,0.1167100421707564,1
547,1682467200,291.41,292.48,283.63,285.59,1164,0,1325930000,42.39979515487696,8.27000000000001,0.0070035367860705,9.924000000000012,13.232000000000015,314.1631722912253,289.11466666666666,264.066161042108,0.1732773083659449,1
151,1632787200,499.06,499.06,486.98,488.41,1682,0,3067300000,53.60348484337057,11.430714285714284,2.130818451758604,13.71685714285714,18.289142857142856,512.8050634674769,483.8803333333333,454.9556031991898,0.1195532372018021,1
598,1689033600,335.75,339.65,331.82,338.65,1277,0,1744150000,72.26115762341736,8.122142857142848,5.014264450508546,9.746571428571416,12.995428571428556,341.2819412958848,310.677,280.07205870411514,0.1970209657997523,1
623,1692057600,292.54,293.44,290.47,291.96,1583,0,2194950000,33.64829915350491,13.079285714285712,-18.449205329460074,15.695142857142852,20.92685714285714,392.5628402799864,331.37600000000003,270.1891597200137,0.3692895096807633,1
890,1725580800,156.27,158.07,153.11,154.74,1874,1,361469,40.806920004913536,3.270714285714281,-3.2330686010881045,3.924857142857137,5.23314285714285,168.19391806624375,160.49433333333334,152.7947486004229,0.0959483686806438,1
737,1706486400,193.01,196.06,191.99,195.95,1889,0,2541470000,48.545976701524495,5.254285714285719,-4.044855785710797,6.305142857142863,8.40685714285715,210.65046118038453,200.162,189.6735388196154,0.1047997240273835,1
296,1650931200,300.27,300.27,284.79,284.96,1555,0,1984870000,34.25038301486239,13.777857142857156,-19.53691938444162,16.533428571428583,22.044571428571448,373.7616883785538,331.2823333333334,288.80297828811297,0.256454092301252,1
432,1667865600,297.29,309.32,290.69,304.97,1512,0,1867870000,41.16244542311124,17.233571428571423,-4.92861150944571,20.680285714285706,27.57371428571428,358.0627734987201,327.266,296.4692265012798,0.1882063734009652,1
653,1695772800,255.23,258.11,254.94,257.13,2189,0,3085440000,26.56740244333281,5.516428571428572,-10.966066481994464,6.619714285714287,8.826285714285715,305.53713639794336,280.87333333333333,256.2095302687233,0.1756222477364175,1
56,1620864000,310.63,312.72,302.45,308.82,2298,0,3034660000,25.12251506107019,14.65071428571429,-22.715783678270224,17.58085714285715,23.441142857142864,431.6582405837058,371.1553333333334,310.6524260829609,0.3260247223554511,1
783,1712188800,201.08,204.63,197.74,197.76,1997,0,2869190000,61.062727134968576,4.3964285714285705,4.193888303477333,5.275714285714284,7.034285714285713,202.18089007435097,187.96033333333332,173.73977659231574,0.1513144447961639,1
143,1631750400,474.89,482.39,474.01,482.0,1188,0,1612180000,58.80982321085989,9.187857142857142,0.1704143979384,11.02542857142857,14.700571428571427,499.1418127013625,475.298,451.4541872986375,0.1003320556844862,1
304,1651795200,295.27,301.84,278.84,295.19,2086,0,2687660000,45.00192482559088,18.18142857142858,-4.277190479278811,21.817714285714292,29.090285714285727,367.27187205140297,318.91200000000003,270.5521279485971,0.3032803535232473,1
465,1672099200,303.57,304.91,299.1,301.62,552,0,814240000,41.15687800105021,11.48785714285714,-3.441431635560393,13.78542857142857,18.380571428571425,345.836976155654,320.749,295.66102384434595,0.1564336983476426,1
805,1714953600,173.66,175.3,169.73,174.44,1900,0,2517780000,37.62291890505742,6.840714285714291,-8.22328615773136,8.208857142857148,10.945142857142866,210.30800209431027,191.34,172.37199790568974,0.1982648907108839,1
439,1668643200,330.0,331.47,315.28,317.93,1859,0,2141790000,46.79107642022507,20.410714285714285,-6.934605702242257,24.49285714285714,32.65714285714286,352.8393858700725,324.08866666666665,295.33794746326083,0.1774250207457989,1
767,1710201600,185.39,186.94,184.94,186.84,1236,0,1628300000,51.50330846274391,4.90285714285714,2.670623145400601,5.883428571428567,7.844571428571424,200.55065456811056,187.2373333333333,173.92401209855612,0.142207977413093,1
316,1653350400,269.0,271.81,264.55,266.69,1664,0,2054460000,40.45792583067519,17.90500000000001,-18.833125361414613,21.486000000000008,28.64800000000001,328.5741791915867,292.30733333333336,256.04048747508,0.2481418816605355,1
473,1673222400,290.7,297.55,288.62,292.54,5262,0,6139570000,39.43959696734868,9.952142857142857,-6.011244979919672,11.942571428571428,15.923428571428571,342.0915949684932,313.979,285.8664050315068,0.1790730906748109,1
8,1614902400,359.57,380.89,351.73,375.51,3062,0,4289020000,44.706669142527,19.853571428571424,-8.995952790635679,23.824285714285708,31.76571428571428,440.0064981109444,395.857,351.70750188905555,0.2230578118408638,1
728,1705363200,195.3,197.01,191.23,194.74,2648,0,3561580000,44.00232736234022,5.0057142857142845,-5.259061055704209,6.006857142857141,8.009142857142855,214.47087597879016,198.105,181.73912402120985,0.1652242596480671,1
557,1683676800,272.48,275.0,269.15,273.21,1728,0,2214650000,39.530353389422494,10.187857142857142,-8.875325195117075,12.225428571428573,16.300571428571427,312.9671568375596,292.1,271.2328431624405,0.1428768013526843,1
159,1633651200,511.75,516.86,504.13,505.41,385,0,441180000,58.09113693124772,13.07571428571429,4.404139726084003,15.690857142857146,20.921142857142865,518.0007976522118,491.83699999999993,465.67320234778816,0.1063921488306565,1
571,1685491200,277.9,280.84,273.15,280.13,1808,0,2291560000,48.472304428913446,7.43714285714285,2.5328501884996952,8.924571428571419,11.89942857142856,304.9197633712321,283.059,261.198236628768,0.1544608252783487,1
849,1720569600,140.2,140.64,139.53,140.3,1552,0,2368780000,33.288142157027494,2.923571428571427,-0.8270304658231339,3.5082857142857127,4.677714285714283,158.18132117243735,145.30866666666668,132.436012160896,0.1771766929126136,1
555,1683504000,273.07,275.55,270.18,274.45,2538,0,3778000000,38.56601533868668,10.019285714285711,-10.090090090090094,12.023142857142856,16.03085714285714,312.5476661005931,292.226,271.9043338994069,0.1390818482995566,1
273,1647993600,348.77,353.38,343.84,344.28,792,0,942780000,54.79497689628753,16.211428571428563,6.27237930608717,19.453714285714277,25.9382857142857,371.6018806250619,330.57166666666666,289.54145270827144,0.2482379350421959,1
240,1643846400,316.04,322.19,314.01,314.65,1312,0,1532480000,37.07423424478881,17.627857142857142,-8.142114789513645,21.15342857142857,28.204571428571427,443.0847201307298,357.79966666666667,272.5146132026035,0.4767195803092595,1
695,1701043200,177.86,179.06,175.78,176.04,2224,0,3388330000,34.30626880369941,5.379285714285714,9.41637143389894,6.4551428571428575,8.606857142857143,289.3475062744238,202.831,116.31449372557618,0.8530895797429762,1
370,1660176000,382.22,384.43,375.84,377.72,1431,0,1788830000,72.62167838857721,14.782857142857145,16.450857072388708,17.739428571428572,23.652571428571434,381.3860189791552,326.2906666666667,271.1953143541782,0.3377071914151502,1
772,1710806400,189.59,189.95,187.71,189.58,1024,0,1876310000,54.00617537467779,4.502857142857143,3.2739554393419508,5.403428571428571,7.204571428571429,198.9216862715975,186.61933333333332,174.31698039506918,0.1318443563003207,1
889,1725494400,159.65,161.04,155.77,156.26,1695,1,509458,43.20787025643045,3.182142857142854,-2.147911578683704,3.818571428571425,5.091428571428566,168.1907958440733,160.7636666666667,153.33653748926002,0.092398106256264,1
696,1701129600,175.2,178.63,174.75,178.26,1521,0,2288850000,36.59945781537795,5.044285714285713,6.233611442193075,6.053142857142855,8.070857142857141,282.8731785061075,199.77066666666667,116.66815482722588,0.8319791211199589,1
307,1652227200,280.12,286.5,264.49,266.29,1902,0,2121130000,37.8065064281836,19.880714285714287,-12.370014479399757,23.856857142857145,31.80914285714286,361.1570821053233,311.62100000000004,262.0849178946768,0.3179251854356623,1
901,1727049600,170.36,172.78,168.76,172.57,692,1,95032,63.780531778096965,5.0264285714285695,6.973716836102158,6.031714285714283,8.042285714285711,174.2416036858218,163.26233333333337,152.28306298084493,0.134498510811701,1
698,1701302400,183.28,183.28,177.9,181.65,3048,0,3616410000,40.067942493677926,5.205714285714284,8.292595683796348,6.246857142857141,8.329142857142854,267.39850151836066,193.76200000000003,120.12549848163938,0.7600716499454033,1
129,1629936000,486.61,487.11,480.02,481.18,547,0,689100000,70.53488125705285,11.777857142857146,3.1733779321583286,14.133428571428574,18.844571428571435,515.0866360778995,433.36300000000006,351.63936392210064,0.3771601917002578,1
700,1701648000,185.22,186.77,182.68,186.2,2509,0,3063400000,44.768008432434826,5.162857142857141,8.249520376722282,6.195428571428569,8.260571428571426,252.2633887046049,188.68766666666667,125.11194462872844,0.6738725764228174,1
616,1691107200,297.2,297.34,288.5,290.41,4189,0,6080630000,29.2880019936906,13.697857142857142,-19.10584958217269,16.43742857142857,21.91657142857143,385.6792600755765,336.6193333333333,287.5594065910901,0.2914860905725945,1
539,1681430400,301.16,304.8,295.68,303.42,1738,0,2091590000,59.56091003127038,10.09142857142858,11.73221387538666,12.109714285714295,16.14628571428573,307.14736938614493,285.2433333333333,263.33929728052163,0.1535814057201102,1
424,1666828800,333.47,339.82,331.67,333.89,554,0,629650000,51.38002191007197,15.869999999999996,-1.332742316784867,19.043999999999997,25.392,358.18644385690453,331.0136666666667,303.8408894764289,0.1641791860974792,1
822,1717027200,162.87,162.87,158.16,159.01,1985,0,2903920000,27.784127419711368,4.147142857142858,-8.404377880184335,4.976571428571429,6.635428571428573,194.9253426288668,178.20400000000004,161.48265737113326,0.1876651773121453,0
449,1669939200,337.69,343.5,334.16,340.17,942,0,1193270000,55.249940873959964,13.04428571428571,-0.1145172656800523,15.653142857142852,20.870857142857137,354.8358225433569,327.0313333333333,299.22684412330966,0.1700417444813053,0
12,1615420800,387.27,395.6,384.45,389.44,1129,0,1331700000,50.66341209894905,20.027142857142845,-2.6716317196911,24.03257142857141,32.04342857142856,438.3074466907679,393.343,348.3785533092321,0.2286271609804567,0
510,1677801600,289.67,293.01,288.56,291.42,3216,0,3802690000,39.918902940296064,7.663571428571422,-8.118674527855724,9.196285714285706,12.261714285714277,349.6951507548813,314.48966666666666,279.28418257845203,0.2238896079566872,0
245,1644451200,353.7,371.27,352.24,364.39,2167,0,2782670000,56.61021460007522,18.9,17.545161290322575,22.68,30.24,408.38069332159824,344.7323333333333,281.0839733450684,0.3692624905405736,0
188,1637193600,477.06,478.68,468.9,469.33,1083,0,1263630000,30.811325780344973,13.749999999999996,-14.323006991730406,16.499999999999996,22.0,555.8270094261852,513.5863333333333,471.34565724048144,0.1644929911537828,0
726,1704931200,201.72,201.95,196.09,200.25,2367,0,3292610000,50.87609526389086,5.000714285714283,-1.852668725187473,6.000857142857139,8.001142857142852,215.52802402281372,197.1263333333333,178.7246426438529,0.1866994670708337,0
225,1641945600,367.0,375.69,355.16,358.09,1282,0,1558250000,28.61744755948986,13.986428571428572,-15.096263277693478,16.783714285714286,22.37828571428572,456.4214069248437,405.8133333333333,355.20525974182294,0.2494155289370008,0
261,1646611200,320.73,324.87,301.1,301.36,1292,0,1589810000,36.05364535926898,15.796428571428578,-12.78326049836482,18.955714285714294,25.274285714285725,362.26621503499376,328.92533333333336,295.58445163167295,0.2027261406945066,0
495,1675900800,327.1,330.09,320.99,322.68,3439,0,4385520000,50.458096038897374,14.178571428571429,2.9282296650717727,17.014285714285712,22.685714285714287,345.81820267062267,314.9396666666667,284.06113066271075,0.1960917551655245,0
614,1690934400,332.5,332.5,297.74,299.61,7815,0,11654740000,31.7608419495061,13.049285714285714,-14.311454311454302,15.659142857142855,20.878857142857143,383.4533619266777,337.675,291.8966380733223,0.2711385914069901,0
937,1731369600,227.43,230.01,226.73,229.0,1230,27324,146066,83.93412861966172,9.132142857142858,39.29440389294403,10.95857142857143,14.611428571428574,235.5352416705753,182.298,129.0607583294247,0.584068302127015,0
511,1678060800,295.0,299.16,292.63,292.75,1434,0,1710640000,40.99469614590615,7.745714285714281,-9.323215115378664,9.294857142857136,12.39314285714285,349.88815699224125,313.798,277.70784300775875,0.2300215870862226,0
49,1620086400,373.81,375.06,351.18,354.6,2707,0,3756480000,33.342284524804455,12.204285714285724,-8.303379793643805,14.645142857142869,19.52685714285716,408.1548498054185,381.84366666666665,355.5324835279148,0.1378112847513608,0
226,1642032000,358.0,359.88,342.35,342.54,1556,0,2014750000,24.879418998702175,14.58071428571428,-19.177952904534937,17.496857142857138,23.32914285714285,458.364052075163,403.16,347.95594792483706,0.2738567917212172,0
180,1636329600,512.07,514.96,507.36,511.73,809,0,1032690000,46.918279984048354,13.415714285714303,-1.2752247559516945,16.098857142857167,21.46514285714289,550.1472751749939,517.0206666666667,483.8940581583395,0.1281442334671103,0
288,1649808000,317.3,327.61,317.06,325.34,913,0,1547660000,45.33894028555655,12.626428571428574,-6.73928622617172,15.151714285714288,20.20228571428572,372.96828790230586,331.623,290.2777120976941,0.2493511481550186,0
324,1654473600,302.95,304.61,295.85,301.98,1100,0,1291190000,54.96153735976664,12.91928571428572,7.815345067656841,15.503142857142862,20.67085714285715,313.3682895745856,286.27899999999994,259.1897104254143,0.1892509724750025,0
969,1735516800,205.88,205.88,201.1,204.44,393,1,51115,33.99779131841173,6.527142857142855,-12.963514836732084,7.832571428571425,10.44342857142857,248.89066390381265,224.82433333333333,200.75800276285403,0.2140900872575711,0
410,1665100800,347.26,347.88,337.36,338.4,1120,0,1336530000,46.05682334978178,12.718571428571437,-3.6775589206421535,15.262285714285724,20.3497142857143,374.315706408403,347.6596666666667,321.0036269249304,0.1533455979942241,0
278,1648598400,353.38,356.46,345.55,347.07,1481,0,1824160000,53.90598025572132,14.036428571428573,12.233216918897938,16.843714285714285,22.458285714285715,368.342055844135,329.658,290.973944155865,0.2346920496037408,0
303,1651708800,322.48,324.04,296.71,301.51,1775,0,2132950000,46.80681013344143,17.915714285714298,-5.660200250312901,21.49885714285716,28.66514285714288,369.3981573428954,320.7006666666667,272.0031759904379,0.303694352633476,0
374,1660694400,392.18,396.16,388.46,390.59,988,0,1252930000,71.36440868011579,12.990714285714288,19.475712712590223,15.588857142857144,20.78514285714286,405.8937985054981,339.0506666666667,272.2075348278353,0.3942958289744193,0
377,1661126400,368.01,372.44,364.71,367.89,1208,0,1349130000,56.32802177982156,12.677857142857144,8.76274944567627,15.213428571428572,20.284571428571432,414.24228047537366,344.46066666666667,274.6790528579597,0.4051644821104315,0
135,1630627200,498.01,503.25,495.47,496.26,775,0,1056700000,72.5305932152135,9.056428571428569,4.855476673427996,10.867714285714282,14.490285714285712,527.0722759753073,455.6283333333333,384.1843906913594,0.313606233042168,0
664,1697068800,276.79,277.31,268.22,268.59,1668,0,2081700000,45.47420568623602,6.466428571428561,4.408163265306113,7.759714285714272,10.3462857142857,299.3775697451154,273.267,247.1564302548846,0.191099325898227,0
734,1706054400,198.1,199.32,193.07,193.56,1752,0,2811400000,44.45070748829287,5.842857142857148,-0.4577012085368919,7.011428571428577,9.348571428571438,211.2560109662889,199.969,188.68198903371115,0.1128876072420112,0
293,1650499200,317.61,319.97,303.02,303.88,840,0,1129920000,38.64228895768154,13.039285714285729,-12.300144300144302,15.647142857142873,20.86285714285717,371.81225322843306,332.06199999999995,292.31174677156685,0.2394146468336221,0
328,1654819200,297.86,298.79,286.11,294.39,1064,0,1327600000,50.25932056879951,12.212857142857144,6.358611221503654,14.655428571428573,19.540571428571432,317.263909488211,287.922,258.5800905117889,0.203818461168032,0
490,1675296000,349.84,362.37,349.17,352.4,2011,0,2373350000,70.02229171686197,11.223571428571429,15.867692510028276,13.468285714285717,17.957714285714285,337.3272926323307,310.56166666666667,283.79604070100265,0.1723691545897852,0
229,1642550400,325.51,337.83,325.16,329.76,2116,0,2514550000,25.632379286861596,15.80214285714285,-20.917070363086964,18.96257142857142,25.28342857142856,462.2280527768054,393.5076666666666,324.7872805565279,0.34927088812402,0
675,1698364800,246.0,246.0,238.17,240.3,1882,0,2282150000,29.473883076951225,8.504999999999997,-12.836882005150708,10.205999999999996,13.607999999999995,282.0518555096216,263.133,244.2141444903784,0.1437969050603429,0
292,1650412800,320.06,321.86,310.43,312.0,894,0,1015120000,41.60648210623827,12.464285714285722,-10.1045898521912,14.957142857142866,19.94285714285716,371.4171371522064,332.3126666666667,293.20819618112705,0.2353474568260392,0
640,1694131200,289.74,290.44,283.75,284.27,1281,0,1957300000,36.181333230567006,5.734285714285709,1.0486278970567284,6.881142857142851,9.174857142857132,347.2415971875366,298.14866666666666,249.0557361457967,0.3293184643066432,0
491,1675382400,342.56,350.51,336.95,337.41,1445,0,1690600000,59.69381618130035,11.84,10.855209120478372,14.208,18.944,340.04202637824534,311.68566666666663,283.329306955088,0.18195485223839,0
204,1639353600,417.4,424.22,413.23,415.65,836,0,1031480000,32.678089721139514,17.93142857142858,-8.15785403363016,21.51771428571429,28.69028571428573,542.2575230616854,466.3786666666667,390.4998102716479,0.3253959146002337,0
550,1682899200,290.69,300.54,288.1,297.56,2458,0,2891580000,53.42076748558994,8.223571428571432,0.5813953488372186,9.86828571428572,13.157714285714292,314.5985219998892,290.50966666666665,266.42081133344414,0.1658385802415468,0
936,1731283200,230.18,230.99,225.91,227.68,869,1,114173,83.54601762760271,9.166428571428572,36.868049293657954,10.999714285714283,14.666285714285715,230.71116011905025,180.20966666666664,129.70817321428308,0.560474855611337,0
425,1666915200,333.67,341.63,328.72,341.62,1072,0,1325730000,55.03017424532455,15.254285714285713,5.444780542008761,18.30514285714285,24.406857142857135,357.35491161736394,330.7573333333333,304.15975504930265,0.1608283512022751,0
67,1622160000,333.75,337.21,328.93,329.14,748,0,931920000,42.07614464973874,11.534285714285712,3.800182913368448,13.841142857142854,18.45485714285714,417.5417971310032,350.96933333333334,284.39686953566354,0.3793634228118874,0
817,1716336000,179.53,181.14,178.27,180.67,1951,0,2808810000,48.63558401379933,4.141428571428575,8.380323935212958,4.96971428571429,6.6262857142857206,199.91736068153975,182.80166666666668,165.68597265179358,0.1872597151543815,0
581,1686700800,322.57,328.0,317.76,319.91,1411,0,1645440000,69.66749793167503,9.282142857142851,13.867236163018346,11.138571428571424,14.851428571428563,319.47865763066966,286.791,254.10334236933036,0.2279545566678847,0
281,1649030400,355.0,363.8,352.35,358.53,580,0,722770000,58.13330652744593,13.709285714285716,17.16283781575765,16.451142857142855,21.934857142857144,372.4061913306568,331.84066666666666,291.27514200267655,0.244487965091621,0
435,1668124800,330.02,347.66,327.54,340.56,2180,0,2494890000,55.39417222785393,19.17571428571428,5.004162427157531,23.010857142857137,30.68114285714285,358.2588051922276,326.052,293.8451948077725,0.1975562498756488,0
864,1722384000,167.18,170.53,166.09,166.85,4181,0,5611410000,65.28972050862038,6.502142857142859,15.483111849390925,7.80257142857143,10.403428571428575,170.49970674085282,150.93733333333333,131.37495992581384,0.2592118593259828,0
638,1693958400,293.25,294.52,290.24,293.14,860,0,1047910000,43.42917178874904,5.850714285714283,0.8601706578585192,7.02085714285714,9.361142857142854,360.5831466652022,303.016,245.4488533347977,0.3799611021543565,0
15,1615852800,390.11,391.59,375.38,380.2,1178,0,1395860000,47.33235642361209,18.4242857142857,-1.8205293737895447,22.10914285714284,29.47885714285712,438.1783396145608,393.2,348.2216603854392,0.2287809746417131,0
613,1690848000,367.97,373.15,364.43,370.75,2611,0,3356870000,74.67437867112673,8.629285714285714,8.791337773995709,10.355142857142855,13.806857142857144,382.3149574897234,338.4373333333333,294.5597091769432,0.259295413565821,0
194,1638144000,443.8,449.57,439.29,447.42,813,0,1043580000,30.92124780147496,13.915714285714284,-12.567174095714536,16.698857142857143,22.26514285714286,567.6503334746546,501.35066666666665,435.0509998586786,0.26448420722683,0
961,1734393600,230.99,236.57,230.99,233.09,1218,1,161586,59.650068559952985,5.244285714285711,-1.3959981386691414,6.293142857142853,8.390857142857138,242.5251624764477,229.964,217.4028375235523,0.1092445989498155,0
19,1616371200,382.46,385.39,376.86,378.75,882,0,1172300000,47.89495579196875,18.16571428571428,-0.4468392692863684,21.79885714285713,29.065142857142845,426.1753218387376,386.8996666666666,347.6240114945957,0.2030275989144692,0
611,1690502400,365.2,371.09,363.08,368.45,1361,0,1830440000,73.6123218241063,8.603571428571428,10.00149276011345,10.324285714285711,13.765714285714283,376.3504008078877,335.25200000000007,294.1535991921125,0.2451791536389794,0
503,1677024000,300.03,304.45,297.63,298.98,1416,0,1734360000,40.467873627827714,12.743571428571428,-12.317437972901637,15.292285714285711,20.389714285714284,345.2937057676947,317.75033333333334,290.206960898972,0.1733648688605289,0
497,1676246400,319.07,323.76,317.34,322.85,1619,0,1979140000,50.66496942693479,14.075,0.9158539634908748,16.89,22.520000000000003,346.4141833972981,315.78633333333335,285.1584832693686,0.1939783127449978,0
612,1690761600,369.13,374.04,367.21,368.7,1139,0,1478030000,73.72440815675462,8.53214285714286,8.8734681824893,10.238571428571433,13.651428571428577,379.364934893346,336.7433333333333,294.1217317733206,0.2531399872900983,0
789,1712880000,201.39,202.91,197.81,198.09,2043,0,3104930000,53.46932010655773,5.327857142857143,2.9199355743752298,6.393428571428571,8.524571428571429,209.00235746671785,191.9093333333333,174.81630919994885,0.1781364547152595,0
436,1668384000,335.15,339.05,327.54,329.65,847,0,1048360000,51.30091452992744,19.149285714285703,-2.218728680331035,22.979142857142843,30.638857142857127,357.8092547014323,325.819,293.8287452985677,0.1963682578451978,0
458,1671062400,320.33,323.18,313.47,314.89,864,0,1017790000,45.656059369887856,13.845,-3.7328034240293593,16.613999999999997,22.152,348.8345804841212,322.702,296.5694195158788,0.1619610692473006,0
815,1716163200,182.49,182.49,178.4,180.25,1236,0,1677760000,47.90070003600853,6.0771428571428645,-4.112139589318008,7.292571428571437,9.723428571428585,205.07510218287663,184.49433333333332,163.91356448379003,0.2231046176617163,0
554,1683244800,281.0,283.13,267.66,272.54,4613,0,6566720000,36.90891319728054,10.34642857142857,-11.305649570424354,12.415714285714284,16.55428571428571,312.8240013792384,292.12966666666665,271.4353319540949,0.1416791039999707,0
467,1672272000,306.18,313.0,302.11,311.86,975,0,1234660000,47.810282910145006,11.147857142857148,-2.1646379721420432,13.377428571428576,17.836571428571435,342.37447662409096,318.6816666666666,294.98885670924227,0.1486926449534761,0
176,1635811200,550.47,558.97,535.0,535.0,1296,0,1704160000,58.9772513679852,11.59428571428573,3.666098279336528,13.913142857142876,18.55085714285717,550.291145473444,516.8163333333333,483.34152119322266,0.129542392455775,0
500,1676505600,310.25,316.21,306.97,307.41,2136,0,2853300000,43.46184037303466,13.473571428571423,-4.664289037059998,16.16828571428571,21.55771428571428,347.13940042444574,316.8860000000001,286.6325995755544,0.1909418555849463,0
186,1637020800,483.99,490.58,482.41,486.01,707,0,867300000,37.11745391046169,13.542857142857144,-8.563956879197784,16.251428571428573,21.668571428571436,552.2467318131089,516.0113333333334,479.7759348535579,0.1404441962377138,0
183,1636588800,493.34,495.49,487.27,488.01,775,0,900840000,36.78039590216697,13.400000000000016,-8.990712767147818,16.080000000000016,21.440000000000023,550.0171763454085,517.289,484.56082365459145,0.1265372986682823,0
966,1734998400,207.03,209.91,205.81,209.91,223,24828,29256,38.44355625945268,6.887857142857137,-9.396581491712713,8.265428571428565,11.02057142857142,247.6033825230298,226.862,206.12061747697024,0.1828546210738667,0
549,1682640000,286.47,293.55,281.82,290.35,1388,0,1670340000,47.01822244833757,7.832857142857149,-1.368978870847195,9.399428571428578,12.53257142857144,314.2530509584609,289.82233333333335,265.3916157082058,0.1685909939661486,0
610,1690416000,362.18,371.0,359.31,361.08,2109,0,2498280000,70.12355568993277,8.946428571428568,11.269298326707958,10.73571428571428,14.31428571428571,373.1143338559792,333.634,294.1536661440208,0.2366685281235078,0
394,1663200000,360.0,366.83,349.72,351.81,930,0,1330660000,46.28760674028176,11.552142857142854,-5.973380372033361,13.862571428571425,18.48342857142857,398.31120202562806,368.372,338.432797974372,0.1625487389140762,0
799,1714089600,188.25,191.75,188.08,188.83,2270,0,3162270000,45.99275583400874,5.228571428571428,-6.427155599603567,6.274285714285713,8.365714285714285,206.1206483895077,193.61466666666664,181.10868494382564,0.1291842393776059,0
786,1712620800,203.33,207.99,202.75,207.95,1998,0,2410110000,72.84085171715611,4.585,9.68984070049582,5.502,7.336,206.31832621117184,190.01833333333332,173.71834045549485,0.171562318139532,0
743,1707177600,195.6,199.22,195.39,197.72,3692,0,5549500000,52.7418676745165,5.239285714285716,2.8827141221771213,6.287142857142858,8.382857142857146,208.3385508170155,198.06,187.7814491829845,0.1037922934162929,0
428,1667347200,335.56,338.64,316.0,316.45,2152,0,2394940000,42.50801549356953,16.402857142857137,0.9603113833588536,19.683428571428564,26.24457142857142,355.4596360214604,329.5826666666666,303.7056973118729,0.1570287030959986,0
222,1641513600,355.07,362.07,351.02,355.83,2495,0,3808310000,23.650278855125265,13.070000000000006,-12.460637669750058,15.684000000000006,20.91200000000001,459.1011919429935,413.5923333333333,368.0834747236732,0.2200662582059152,0
902,1727136000,174.0,175.11,171.88,173.86,780,1,129471,65.4383449522388,5.009285714285714,8.662500000000009,6.011142857142857,8.014857142857144,174.98456412705886,163.92533333333333,152.8661025396078,0.1349300998063207,0
373,1660608000,397.81,401.39,392.97,396.76,870,0,1096810000,76.03111227804038,14.04142857142857,24.134910205869463,16.849714285714285,22.466285714285718,401.0232207036423,336.45966666666664,271.89611262969095,0.3837818343970443,0
816,1716249600,179.21,180.67,178.25,179.67,925,0,1346940000,47.15916235795701,5.886428571428577,-3.5587761674718323,7.063714285714292,9.418285714285725,202.18539809995715,183.55166666666668,164.91793523337623,0.2030352736282113,0
283,1649203200,346.65,346.77,333.59,335.22,1315,0,1617220000,47.66324875690821,13.186428571428577,-2.299554078866832,15.823714285714292,21.098285714285723,374.1880484702711,333.6476666666667,293.10728486306226,0.243013129440564,0
397,1663632000,351.58,351.58,344.71,346.89,628,0,723860000,43.918611743442895,10.732142857142852,-2.8591430971716703,12.878571428571425,17.171428571428564,398.7591857116963,366.672,334.5848142883036,0.1750184672497292,0
4,1614556800,383.42,391.45,380.69,386.93,1401,0,1705670000,44.91789493447122,19.29285714285714,-9.922011407286696,23.151428571428568,30.86857142857143,437.3379346521442,400.5803333333333,363.8227320145224,0.1835217471259325,0
468,1672358400,305.2,310.63,305.2,310.49,897,0,1218020000,47.03783678263339,10.930714285714288,-1.1335774558191378,13.116857142857144,17.489142857142863,340.5206925820022,317.775,295.02930741799776,0.1431559599213419,0
448,1669852800,339.06,348.98,336.91,346.24,1305,0,1728880000,58.24721030393409,13.618571428571428,4.937111683588429,16.342285714285712,21.78971428571428,353.8251901194905,326.311,298.79680988050944,0.1686378339650857,0
347,1657497600,317.48,322.89,313.45,320.18,838,0,979670000,60.680429670357206,13.556428571428569,20.86368955494318,16.26771428571428,21.69028571428571,328.6960273070307,292.52466666666663,256.35330602630256,0.2473046875160208,0
823,1717113600,156.75,156.75,143.88,145.32,5585,0,9138790000,20.720896198876048,5.000714285714285,-16.184104279617028,6.000857142857142,8.001142857142858,197.2731250967321,176.88766666666666,156.50220823660123,0.2304904441809445,0
716,1703635200,206.06,207.35,204.77,205.79,1329,0,1693230000,61.01832268301895,5.890000000000005,10.92604570935747,7.068000000000006,9.424000000000008,212.59712360180677,189.095,165.59287639819323,0.2485747756609825,0
279,1648684800,348.71,355.4,346.5,346.5,835,0,1241100000,53.66448424392845,13.906428571428572,14.356435643564357,16.687714285714286,22.25028571428572,368.5238670100523,329.72566666666665,290.927466323281,0.2353362462535156,0
635,1693440000,296.26,298.03,293.29,294.83,966,0,1558250000,44.80619480778385,5.849285714285713,1.0210724687339254,7.019142857142856,9.358857142857142,372.9790247090365,308.748,244.51697529096344,0.4160741103361741,0
456,1670889600,341.7,345.72,324.61,328.91,2391,0,3232740000,51.99216111219391,13.41785714285714,3.100119114789055,16.101428571428567,21.468571428571423,350.425174975148,323.28933333333333,296.15349169151864,0.1678734114857776,0
496,1675987200,317.42,320.4,313.5,317.17,1681,0,2031250000,48.036835095534585,13.950714285714286,-1.5214083894805406,16.74085714285714,22.32114285714286,345.96102362623765,315.42,284.8789763737624,0.1936530570429118,0
220,1641340800,386.88,386.9,358.73,360.68,5417,0,7778190000,24.62841319558328,14.20285714285715,-13.011600704242335,17.043428571428578,22.72457142857144,456.8978486848919,419.8473333333333,382.7968179817748,0.1764951800808161,0
216,1640822400,418.21,422.83,416.34,417.73,691,0,842260000,42.66277135854265,13.217142857142862,-1.5623527193891966,15.860571428571436,21.14742857142858,470.1303468223496,429.744,389.3576531776503,0.1879553726048515,0
185,1636934400,492.0,493.01,480.35,484.16,945,0,1098240000,35.81201618245052,13.660000000000007,-9.848245042361034,16.39200000000001,21.856000000000016,551.5115797087617,516.422,481.3324202912384,0.1358949839811691,0
407,1664841600,347.97,354.08,346.01,349.35,1088,0,1290740000,52.27193830718137,12.047857142857149,-3.974602127484121,14.457428571428578,19.27657142857144,380.0948810469793,350.01699999999994,319.93911895302057,0.1718652582416247,0
390,1662681600,367.99,372.88,366.88,370.27,777,0,1069550000,57.87866166150052,10.554285714285715,-1.7643001167356558,12.66514285714286,16.88685714285715,401.7126992628983,365.05,328.3873007371017,0.2008639871957172,0
438,1668556800,342.92,345.23,335.79,337.69,1263,0,1506670000,53.31146149133752,19.73214285714285,1.1380993740453478,23.678571428571423,31.57142857142857,355.846750381211,325.2736666666667,294.70058295212243,0.1879837616604537,0
647,1695081600,274.0,277.1,271.12,276.95,1155,0,1664380000,32.91197263162259,5.02499999999999,-5.487492748182775,6.029999999999988,8.039999999999983,298.88692039613505,287.2493333333333,275.6117462705316,0.0810277742179969,0
715,1703548800,206.0,206.73,204.04,206.27,1600,0,2052180000,61.760171713747305,6.0785714285714345,13.260487590599606,7.294285714285721,9.725714285714297,211.3980537875694,187.969,164.53994621243064,0.2492863587886234,0
248,1644883200,351.67,354.9,344.81,348.22,1140,0,1328130000,50.38038333656203,16.33214285714286,15.270283690290992,19.59857142857143,26.13142857142857,382.6175326479717,338.25933333333336,293.9011340186951,0.262273320753731,0
173,1635379200,534.78,539.97,531.48,537.32,599,0,795580000,64.60671912869444,10.256428571428575,6.313685918363314,12.307714285714292,16.410285714285724,543.7534580302362,511.10566666666665,478.4578753030972,0.1277535879282738,0
203,1639094400,429.72,432.41,415.18,419.69,767,0,871000000,33.837702430100805,18.716428571428583,-10.738440597218087,22.4597142857143,29.946285714285736,549.7551581358757,470.78333333333336,391.811508530791,0.3354911663647496,0
178,1635984000,516.16,519.54,510.68,512.0,1075,0,1417300000,46.2389969255963,12.51285714285716,-1.2821748770847348,15.01542857142859,20.020571428571458,550.1783912202964,517.2373333333334,484.2962754463703,0.1273730868368474,0
885,1724889600,164.11,165.15,162.71,163.53,903,0,1160770000,57.246349785459245,3.5071428571428567,3.5983528666455538,4.208571428571428,5.611428571428571,168.33204464885387,160.82433333333336,153.31662201781285,0.0933653653015257,0
256,1646006400,335.99,342.72,333.93,339.4,1570,0,1863250000,50.25266927615036,16.451428571428583,3.2583893638382606,19.7417142857143,26.322285714285734,361.3016531939653,329.202,297.1023468060347,0.1950149342589978,0
224,1641859200,364.02,369.9,358.01,367.3,1555,0,1930110000,31.195157958924085,13.52857142857143,-11.880428002495078,16.234285714285715,21.64571428571429,457.01258322849975,408.4626666666666,359.9127501048335,0.2377202154509419,0
285,1649376000,324.43,328.38,321.7,324.02,2345,0,3636380000,43.450609839739,12.781428571428576,-7.914854918009498,15.33771428571429,20.450285714285723,373.9665013048769,333.366,292.7654986951231,0.2435791370738281,0
643,1694563200,282.08,283.67,277.13,279.4,1938,0,2491610000,33.36463122894406,5.700714285714278,-3.5587311449380423,6.840857142857133,9.121142857142845,299.72132741495926,289.543,279.36467258504075,0.0703061542842289,0
223,1641772800,350.22,364.5,342.99,364.07,2227,0,2835450000,29.11589065909726,13.965714285714292,-9.08704989262348,16.758857142857153,22.34514285714287,459.1250988147471,411.1333333333333,363.1415678519196,0.2334608341888133,0
249,1644969600,341.29,345.19,331.31,344.47,2225,0,3022190000,48.87954545833644,16.605000000000008,14.449465080736262,19.92600000000001,26.56800000000001,376.25698844998885,336.67966666666666,297.1023448833445,0.2351037244105754,0
345,1657152000,311.64,328.35,311.4,326.24,1709,0,2069430000,63.816431410597794,13.955,19.06569343065694,16.746,22.328000000000003,323.2238428500988,289.12533333333334,255.0268238165679,0.2358735509174713,0
182,1636502400,502.0,506.65,487.05,491.9,643,0,781830000,38.240640918573575,13.722857142857157,-7.875269219964428,16.467428571428584,21.95657142857145,549.4294244479006,517.548,485.6665755520994,0.1232018071672602,0
326,1654646400,305.47,313.2,304.95,311.74,1211,0,1359140000,58.57736084180424,12.025714285714288,15.90571088637717,14.430857142857144,19.24114285714286,316.2144007978817,287.2853333333333,258.3562658687849,0.2013960624365214,0
814,1715904000,180.89,182.33,179.68,182.33,821,0,1073380000,50.54747658454631,6.181428571428579,-5.621408975619849,7.417714285714294,9.890285714285726,206.6662572725909,185.21266666666668,163.75907606074244,0.2316643995470889,0
409,1665014400,351.38,356.86,344.73,353.48,2080,0,2871230000,54.37550777243462,11.962142857142863,1.1937820274255009,14.354571428571436,19.13942857142858,376.9533235491462,348.85166666666663,320.75000978418706,0.1611094890329485,0
645,1694736000,279.0,280.84,277.25,277.92,1570,0,3274040000,32.87631788413604,5.274285714285704,-2.9269996507160303,6.329142857142845,8.438857142857128,298.53844647828896,288.2656666666666,277.9928868550443,0.0712730026465564,0
717,1703721600,205.88,207.76,205.09,207.57,1691,0,2241220000,62.80268122273342,5.667142857142859,12.000215831219975,6.800571428571431,9.067428571428575,214.06029397376025,190.138,166.21570602623976,0.2516308573116394,0
665,1697155200,271.49,271.49,262.51,265.02,954,0,1245870000,42.176667221412735,6.805714285714275,2.553981889946585,8.16685714285713,10.889142857142842,297.2317878242562,272.27333333333337,247.31487884241056,0.1833338152169839,0
48,1620000000,386.14,386.99,376.58,378.79,1005,0,1186580000,44.24633644502678,11.48142857142858,-2.802083600626096,13.777714285714296,18.37028571428573,406.9085547940684,382.6486666666667,358.38877853926505,0.1267998048378669,0
670,1697760000,265.0,265.93,256.48,259.07,1370,0,1715910000,39.063098818233975,7.80714285714285,-0.3615245567478165,9.36857142857142,12.49142857142856,286.6095676368513,268.321,250.0324323631487,0.136318570941904,0
938,1731456000,229.43,231.1,226.99,227.91,735,6633,93172,82.20969997390544,9.22,38.00181653042688,11.064,14.752000000000002,239.7501698556309,184.3356666666667,128.9211634777025,0.6012347386810387,0
802,1714521600,187.74,190.97,185.88,186.3,4018,0,5139130000,43.41338049324808,4.982857142857144,-8.895300503692111,5.979428571428572,7.972571428571431,206.27628669576495,193.5006666666667,180.7250466375684,0.1320472972954266,0
247,1644796800,345.72,352.08,343.26,345.53,1723,0,2101750000,49.34435702679689,17.223571428571432,13.355422872514922,20.66828571428572,27.55771428571429,390.631949905139,340.1436666666667,289.65538342819445,0.2968644616155659,0
230,1642636800,337.2,341.87,327.33,328.3,1916,0,2224760000,25.30188209038737,16.37714285714285,-21.408565341249133,19.65257142857142,26.20342857142856,460.79832119587786,389.9513333333333,319.1043454707888,0.3633632292365263,0
865,1722470400,173.41,178.91,165.43,167.38,5268,0,8017800000,65.82066766992318,7.0442857142857145,12.774558684813377,8.453142857142858,11.270857142857144,171.91388854240296,151.801,131.68811145759702,0.2649901982516975,0
96,1626048000,386.33,388.21,375.4,376.04,913,0,1099100000,59.64352323278951,9.21785714285714,5.495861972226128,11.061428571428568,14.748571428571424,399.5077688107571,352.812,306.1162311892429,0.2647062390777927,0
469,1672704000,315.23,318.38,302.01,304.61,702,0,800230000,43.7692681123481,10.845714285714289,-6.621501486772314,13.014857142857146,17.353142857142863,340.57865162779603,317.331,294.083348372204,0.1465198901323603,0
499,1676419200,326.42,326.42,317.91,320.0,2268,0,3292130000,49.181839853552525,13.087142857142856,-0.4696587975490625,15.704571428571423,20.939428571428568,347.20066606202846,316.769,286.33733393797155,0.1921379053002563,0
899,1726704000,175.0,175.0,171.14,172.93,1051,1,161553,66.92106820136696,4.848571428571424,5.748180761939708,5.818285714285709,7.757714285714279,172.6609449428823,162.408,152.15505505711766,0.1262615750810591,0
381,1661472000,373.25,374.99,360.18,360.6,678,0,885020000,50.82819635462427,10.915714285714284,-2.008206744748495,13.098857142857142,17.465142857142858,413.5898885678299,354.10766666666666,294.6254447655034,0.3359555722760211,0
962,1734480000,233.2,233.2,209.4,209.41,2004,1902,325682,35.88596527648784,6.585714285714281,-10.88936170212766,7.902857142857137,10.53714285714285,243.7229492442198,229.658,215.59305075578015,0.1224860378843306,0
372,1660521600,393.0,402.78,392.82,399.05,1563,0,1871180000,77.78412534687601,14.790714285714287,31.664906955259347,17.748857142857148,23.665142857142865,394.5771717051125,333.6803333333333,272.78349496155425,0.3650010641229226,0
819,1716508800,173.99,174.34,168.22,170.67,1723,0,2291360000,37.13759114321998,4.0442857142857145,-2.1612015592754013,4.853142857142857,6.470857142857144,195.3978690788493,180.88566666666665,166.37346425448396,0.1604571846914278,0
551,1682985600,296.0,296.0,284.88,288.84,3922,0,4904300000,46.15602216296523,8.453571428571431,-1.841908516278127,10.144285714285717,13.52571428571429,313.99766007494986,291.12533333333334,268.2530065917168,0.1571304460503828,0
257,1646092800,341.47,344.18,332.28,334.49,1267,0,1447230000,48.1537681885085,16.464285714285726,-0.005978894502401,19.75714285714287,26.342857142857163,361.34085878037126,329.22599999999994,297.1111412196286,0.1950930897339294,0
457,1670976000,330.0,334.14,324.39,327.74,1046,0,1225700000,51.43569589506259,13.103571428571428,0.1436123078803517,15.724285714285712,20.965714285714284,348.8284010279425,322.754,296.67959897205753,0.161574456260449,0
744,1707264000,198.42,200.13,191.96,198.91,3570,0,5106740000,54.44349768076912,5.301428571428572,1.624687068921477,6.361714285714286,8.482285714285714,207.7284394870201,197.83866666666663,187.9488938463132,0.099978158840066,0
291,1650326400,308.51,319.94,307.15,318.97,1366,0,1887130000,44.3160282495584,12.675000000000008,-11.379990553718772,15.210000000000008,20.280000000000012,372.5637687000311,331.732,290.900231299969,0.2461732283893687,0
447,1669766400,322.8,339.75,318.09,338.89,1816,0,2135970000,55.53498093647266,15.424285714285714,13.18971275885104,18.50914285714285,24.678857142857144,351.9856922943539,325.4623333333333,298.93897437231266,0.1629888085012641,0
646,1694995200,276.28,278.02,274.41,276.1,1028,0,1268420000,31.52302487356505,5.183571428571416,-4.025305895439371,6.2202857142857,8.293714285714266,298.9407312454083,287.78866666666664,276.636602087925,0.0775017634148784,0
959,1734048000,238.73,239.51,232.98,234.55,950,28800,121349,62.41904581000328,5.194285714285712,1.7658799028115333,6.233142857142854,8.31085714285714,244.21171727916013,228.5323333333333,212.85294938750647,0.1372180795350052,0
45,1619568000,400.0,404.05,395.61,400.89,873,0,1053710000,59.53670842148641,11.45857142857143,5.764563106796107,13.750285714285717,18.33371428571429,406.3811710717012,381.499,356.6168289282989,0.1304442269662626,0
179,1636070400,520.61,520.61,503.84,504.4,1375,0,1920010000,42.70789973580983,13.322142857142872,-3.269728641288727,15.986571428571448,21.3154285714286,550.1374082946401,516.8679999999999,483.5985917053598,0.128734641319022,0
311,1652745600,288.66,291.48,274.7,281.41,1057,0,1311380000,44.08923574034158,20.61714285714287,-0.2834768434853317,24.74057142857144,32.987428571428595,344.32428793155026,302.3533333333333,260.38237873511645,0.2776285224674238,0
136,1630972800,492.26,493.77,482.89,482.96,1102,0,1429450000,61.73984310630265,9.042857142857144,4.437332410691113,10.851428571428572,14.468571428571432,526.4902185328449,458.684,390.8777814671552,0.2956554775524972,0
327,1654732800,310.1,313.94,302.0,302.44,1151,0,1495870000,53.95572815842269,11.943571428571431,12.010666271619574,14.332285714285716,19.10971428571429,317.3388112674178,287.9596666666667,258.5805220659156,0.2040504140099557,0
218,1641168000,415.19,416.09,399.39,404.75,2261,0,3343680000,37.12749274935348,12.737857142857148,-2.6223986527126137,15.285428571428575,20.38057142857144,459.3700386355607,425.521,391.6719613644392,0.1590945623626602,0
46,1619654400,401.1,401.1,388.65,393.88,1100,0,1320330000,54.0211212355426,11.522142857142862,3.320917055768314,13.826571428571434,18.43542857142858,407.0728652401252,381.805,356.53713475987485,0.1323600541644303,0
504,1677110400,300.09,303.03,294.45,299.94,709,0,831370000,41.08640278573883,11.828571428571426,-14.886492622020423,14.19428571428571,18.92571428571428,345.199886550716,317.8023333333333,290.40478011595064,0.1724188298431792,0
957,1733875200,238.42,242.74,235.24,240.22,1286,4904,159324,72.52677204755611,5.354285714285711,9.330056435463318,6.425142857142853,8.566857142857137,251.29359016442973,225.4233333333333,199.5530765022369,0.2295259895996843,0
93,1625616000,390.5,392.49,383.09,387.23,775,0,904250000,70.82338284346541,9.907142857142851,16.4916819590265,11.888571428571424,15.851428571428563,391.9562556983325,347.9623333333333,303.96841096833407,0.2528660038778098,0
189,1637280000,474.61,475.2,463.71,470.18,787,0,970290000,31.475196750556577,13.989285714285712,-14.164704164156486,16.787142857142854,22.38285714285714,557.4589139055431,512.412,467.3650860944569,0.1758230248532162,0
